[1.00000, 0.00000, 0.00000]  [3.00000, -0.10000, -0.20000]
[0.03333, 1.00000, 0.00000]  [0.00000, 7.00333, -0.29333]
[0.10000, -0.02713, 1.00000]  [0.00000, 0.00000, 10.01204]
7.85 -19.561666666666667 70.08429319371729
3.0 -2.5 7.000000000000002
A solução é suficientemente boa

[1.00000, 0.00000, 0.00000]  [1.00000, 2.00000, 3.00000]
[1.00000, 1.00000, 0.00000]  [0.00000, -1.00000, 1.00000]
[5.00000, 8.00000, 1.00000]  [0.00000, 0.00000, -22.00000]
-2.0 -1.0 22.0
1.0 -0.0 -1.0
A solução é suficientemente boa

[1.00000, 0.00000, 0.00000]  [2.00000, 1.00000, -1.00000]
[0.50000, 1.00000, 0.00000]  [0.00000, 9.50000, -4.50000]
[-1.50000, 0.36842, 1.00000]  [0.00000, 0.00000, 4.15789]
3.0 4.5 -3.1578947368421053
1.0632911392405062 0.11392405063291135 -0.759493670886076
A solução é suficientemente boa

[1.00000, 0.00000, 0.00000]  [1.00000, 2.00000, -1.00000]
[2.00000, 1.00000, 0.00000]  [0.00000, 9.00000, 3.00000]
[-1.00000, 0.33333, 1.00000]  [0.00000, 0.00000, 2.00000]
4.0 27.0 0.0
-2.0 3.0 0.0
A solução é suficientemente boa

