2
0 0.2
0.8 0.232

3
0 0.2
0.4 2.456
0.8 0.232
0.2 + 25 * x - 200 * x **2 + 675* x** 3 - 900* x** 4 + 400 *x **5

7
1 1
1.05 1.0247
1.1 1.0488
1.15 1.0723
1.20 1.0954
1.25 1.118
1.3 1.1401
sqrt(x)

9
0 1
0.1 0.995
0.2 0.98
0.3 0.955
0.4 0.921
0.5 0.877
0.6 0.825
0.7 0.764
0.8 0.696
cos(x)

5
0 1
0.2 0.98
0.4 0.921
0.6 0.825
0.8 0.696
cos(x)

5
1.2 0.93204
1.3 0.96356
1.4 0.98545
1.5 0.99749
1.6 0.99957
sin(x)

5
0 1
0.2 1.22
0.4 1.49
0.6 1.82
0.8 2.22
exp(x)

4
4.991 79.78845608028655
5 15.790031660176899
5.009 0.12238038602269445
5.018 3.714723689110048e-05
(1/(0.005*(2*pi)**(1/2)))*(exp(-(1/2)*((x-4.991)/0.005)**(2)))

